1970,201174393
1971,204000665
1972,206828966
1973,209286088
1974,211360233
1975,213343943
1976,215467514
1977,217564624
1978,219762255
1979,222097449
1980,224570142
1981,227225826
1982,229466391
1983,231665106
1984,233792697
1985,235825544
1986,237924311
1987,240133472
1988,242289738
1989,244499776
1990,246819839
1991,249622814
1992,252980941
1993,256514224
1994,259918588
1995,263125821
1996,266278393
1997,269394284
1998,272646925
1999,275854104
2000,279040168
2001,282162411
2002,284968955
2003,287625193
2004,290107933
2005,292805298
2006,295516599
2007,298379912
2008,301231207
2009,304093966
2010,306771529
2011,309326225
2012,311587816
